1100004264,1100000003
1100000034
1100003037,1100000056,1100006307,1100006621
1100006677,1100000060
1100004267,1100000077
1100002913,1100000086,1100006280
1100000445
1100003060,1100000684,1100005617
1100007150,1100000983,1100007412
1100002911,1100005787,1100001001
1100007309,1100007333,1100001106
1100005952,1100001225
1100004389,1100006308,1100004209
1100006281,1100006129
1100006381,1100006097
1100004199,1100005663,1100000220,11000076321100004264,1100000003
1100000034
1100003037,1100000056,1100006307,1100006621
1100006677,1100000060
1100004267,1100000077
1100002913,1100000086,1100006280
1100000445
1100003060,1100000684,1100005617
1100007150,1100000983,1100007412
1100002911,1100005787,1100001001
1100007309,1100007333,1100001106
1100005952,1100001225
1100004389,1100006308,1100004209
1100006281,1100006129
1100006381,1100006097
1100004199,1100005663,1100000220,1100007632
